latitude: 37.69209506374857
longitude: -129.03268279201097
timezone: -9